68431
233781
23859
100502841
227449
108148
16367
66475
12005
381356
74901
353187
240427
71435
68059
69368
67702
12300
382207
276846
22682
268470
53892
20720
76742
14359
94223
67220
14784
223752
58229
70369
66487
20437
52065
217980
17330
30058
211922
16001
108705
13716
107767
433940
78655
269529
70294
30959
67542
72121
74486
74205
69085
320226
53869
217232
14225
16796
223918
226856
21685
22187
56454
11787
68646
20168
68121
12465
67260
94043
241556
78635
52440
268373
319675
207607
67201
100526796
109093
27207
67767
78771
12912
74760
97884
72056
381741
232807
100087
218100
27176
67229
17188
403187
55951
22648
67475
546058
67579
11607
268281
66404
68861
16452
17389
223697
207375
67728
67161
100502700
320705
72133
228136
234309
23874
78749
233060
269003
381269
12043
72144
100502920
212898
235574
76454
210104
268510
102103
52615
214063
213121
65112
218693
109163
329260
11305
72278
77864
66964
109333
29820
56484
327814
19164
52250
67590
72123
217480
75847
67967
66922
68073
15904
16568
20191
14748
64138
100039957
69953
329165
54401
13713
381534
72265
217039
67073
30942
27224
17974
107569
50753
105440
16590
21892
16164
208936
74525
17876
58243
71085
12412
68067
270210
19777
15505
54598
269700
66248
76709
232187
64378
226250
26397
80744
102641621
266692
70747
67832
100608
109880
11974
380836
51812
108167550
269473
382117
105975
57751
72114
100217455
73692
23950
72046
67956
27414
100504715
102566
229096
109232
67955
211914
70986
75209
11472
319901
14897
70082
81910
52397
66204
74107
56217
50497
18263
16956
67049
71722
76626
67604
28199
69608
114874
70673
102637349
233033
22590
70349
77371
50995
67263
245944
68055
16880
67770
233204
68576
414069
68270
626009
15568
12325
17434
16009
66125
214444
224938
74570
68477
56274
219249
240354
72091
320799
11553
231874
621998
230145
65964
208583
20743
53404
13350
66945
69895
76007
20595
110596
12156
228012
30923
277010
17132
94111
381101
320869
67149
69788
72194
72137
67972
211151
67412
18647
668894
216161
70699
218793
68034
68278
69906
19015
67642
12447
100045653
12974
18567
232156
195208
67942
13869
381410
19248
66648
54525
51789
74769
627191
668525
629059
72648
216363
66889
218763
28071
217218
72834
241075
66251
110213
70572
66790
319924
108654
66522
67067
12068
99470
14247
13853
332937
16579
18015
320713
50723
320707
654801
100126229
13548
80985
66620
68572
21872
227695
12703
79565
78266
22421
102641016
18762
105245634
224648
103268
19291
74315
237400
213550
72033
12611
28114
71801
67281
19128
19384
18121
26413
121022
104725
242557
56036
108943
242819
104215
28035
14221
225131
195727
19338
66642
115486886
14782
320292
380614
330485
16348
73674
66054
13800
26371
210106
75826
73205
54635
19662
56526
21769
70802
77134
20403
213539
665180
18129
67870
105372
386655
108837
18438
217708
140887
73683
19719
71146
12808
56086
98682
18798
98314
68018
22209
338523
71682
668210
70088
12810
433408
23934
387314
333050
12321
67109
11772
58894
230279
72440
75617
66787
12648
108159
17391
237411
319974
218699
12176
21973
68796
170740
26444
72832
68755
170461
100526540
76559
76789
26932
110265
387133
269623
56736
382111
217011
210998
72981
74016
12394
320692
320301
381990
71648
71767
16372
212555
66408
98403
19340
11651
74741
13430
266632
18583
67128
93762
381310
20042
192167
26901
54646
223776
66111
68027
233887
75795
241226
77591
17344
66483
270076
215436
140570
66167
22026
268445
11853
108168734
17219
380718
208431
26942
53322
99010
66388
12585
76108
193742
103236
19072
414094
59021
217109
75279
14202
16504
75965
16795
19649
14751
100043580
14000
258219
74410
12457
11775
11537
23924
238247
76582
27056
252870
229615
100040322
97820
69573
66603
228026
66714
229725
102631993
78937
237387
94249
102638769
13171
100503003
432870
18294
72514
66663
100039495
69539
109108
12972
216810
383563
74597
67933
13138
54140
14362
100504309
68114
76025
269630
668212
227937
170762
21761
72181
13835
66840
320982
75722
320343
17686
209462
14799
231889
224019
14870
18038
106794
17758
67834
13858
102639290
26405
69697
67706
380629
19158
68475
268564
26401
208994
66114
22390
117903916
60441
20353
104112
19376
68436
19337
69654
231279
66256
66185
67241
17349
20615
108653
17161
13434
665054
23948
22412
15200
108954
666794
102640578
59016
19724
15926
237353
231238
73178
235036
26927
23964
20315
80280
223773
230393
97086
66736
93696
432999
18627
108937
238266
243911
50794
216438
27397
17311
216393
11821
19708
13380
16531
66971
56809
102693
71532
217166
225010
77041
103406
23966
18769
385668
69612
67186
68777
66320
319277
328370
20649
77552
384569
228998
214616
213895
108168793
14425
17977
66686
72309
99890
12349
633947
69955
76642
67484
329506
66128
30050
56210
268860
218973
20911
233805
78783
100037396
17536
26357
76916
320795
14404
56055
74114
29877
69930
54352
93742
72399
382114
52712
74133
17158
230789
110862
14827
244373
23945
109910
211712
27357
239017
74340
407243
67847
74559
233199
320683
15425
67154
629557
237859
229055
100316833
243764
208449
57913
68106
194744
94178
269784
76843
67729
16974
78428
70081
70604
320011
68147
11732
75744
320127
76478
78785
66921
241263
320706
20616
20090
63873
22318
67568
194590
73571
17147
664968
29869
68972
19988
73430
19357
16485
214627
100036768
212398
229543
56695
68184
105638
18708
67592
218441
69186
11843
14421
16687
380753
20480
218613
76820
71116
245404
232989
73723
118453
22110
56469
170770
70472
768252
80902
22083
666584
72555
329178
78816
15040
110078
17301
245631
631624
12295
53319
12042
11432
71389
68776
53761
56436
69487
11566
193385
12805
26893
320534
226359
433466
70603
67013
12339
14682
78925
108657
329480
14783
17454
67867
52468
11733
68642
320456
81500
229731
269513
67097
76251
103466
19646
72723
218203
225994
56786
80286
15182
232970
12876
228608
80289
69226
20637
66593
106347
238331
243371
23879
52123
14570
227800
238323
100502766
55980
67446
22362
102634646
12445
22200
66566
238831
68910
434350
100503074
68149
15976
22146
20429
51788
237221
68763
20909
241846
19252
224454
57783
68567
223649
72065
214742
66656
11416
67311
22385
15159
209003
11947
56758
52276
382038
67211
20689
74204
237847
243725
19055
71911
207667
68112
75410
239985
14083
15481
214987
75812
54353
58523
104871
244871
12313
207181
66226
102641244
239368
67685
53859
227210
212986
106722
101994
14707
13000
71923
108105
140917
14104
235604
105782
69871
17874
19043
237775
240613
69440
72258
74838
70808
13655
71883
18792
71678
280411
100019
20365
75740
333789
20916
26466
19219
69568
242894
192786
67063
24018
76574
19070
67289
330814
52013
234356
17283
108014
67268
21927
18408
320554
71998
98267
72117
14166
68897
11639
70122
68653
94040
72587
20843
26390
109689
76469
211484
57780
73100
72640
106489
11490
108909
14677
70240
13557
226551
117150
667281
241062
235184
22689
12866
224697
279766
224129
105247126
17420
27756
66799
237362
74840
320770
68969
74034
106572
58869
72393
320007
71770
20656
19192
72504
68729
17965
246735
170738
51938
72308
12988
14229
15530
246179
239796
229445
19946
73736
73316
56527
73910
723823
225745
214812
233335
12144
67418
72831
22248
18971
11928
12013
231712
64384
68135
14489
217944
217219
76376
474156
52686
12575
73635
56724
83766
252966
104099
216877
20606
64010
75691
74254
68981
66940
22253
76804
20587
22057
77407
218397
209018
57261
269878
100861615
13542
19712
19944
170644
56488
100628599
100017
27426
14073
72068
64945
319370
20851
24127
319594
22680
217030
16450
109674
16825
53323
105246064
68058
69890
75033
14137
71093
74563
29808
56462
72351
22221
269113
14842
53607
237877
243771
68857
13447
26921
68617
16502
232333
98496
15077
15202
224624
100503859
70612
65098
68942
68911
26931
238799
11692
353236
57815
74522
66155
18033
78931
16494
67197
108168923
80860
231051
244548
27419
332396
80281
100037282
56542
68188
20619
12570
230959
260299
78491
320808
213211
241950
17870
102902673
77006
115486438
74019
17713
98415
22059
170748
19989
241490
98402
83767
330222
226594
69878
66700
60532
16565
228852
77963
381404
50934
56430
232339
69305
328274
56248
11789
50876
217154
56457
192198
11987
13822
24087
110075
19359
56398
26379
67881
234847
74227
235431
70285
57440
107071
67299
331623
229663
67525
15488
76281
14070
319651
67333
100216533
620592
104082
55988
12729
66679
73395
235323
26406
140500
22258
214572
20840
16882
22190
67341
84704
17955
22431
12564
320933
209584
11622
56869
96957
235028
102640063
15277
80986
66109
52389
102639700
408022
14693
68465
100504703
212919
67848
243547
69125
15278
231571
66659
110749
13167
352968
16410
20361
233280
79233
77578
75612
57296
225995
142682
20520
27364
28075
71521
21419
60411
20320
13041
67886
108121
21855
13437
66180
73826
72193
245688
100503652
69538
52898
71544
269252
102631887
433693
11848
66308
11911
72607
21413
268759
232879
230577
67273
217843
100201
11477
242891
11515
16973
66212
74411
234854
60599
67602
231630
170829
115489913
320772
102639747
630499
383787
22420
53333
17164
14270
76205
66449
213012
17354
69183
269132
64424
103737
214899
22346
269224
330953
13852
432842
16706
52040
16576
18548
65967
102162
72268
78244
71148
12476
12314
66049
18008
102193
70060
269536
14700
11990
13846
75605
67188
546336
74044
270097
67187
384214
24100
195733
97287
54152
59007
11555
11973
208638
78929
78752
67788
268934
320040
68675
22249
69227
70957
83797
66385
68292
13394
15502
17388
235406
751537
72674
66999
56149
381305
245572
26412
195434
66795
66866
15525
213673
75710
106326
240832
214253
219024
94219
68119
100504056
208266
11861
52477
66488
22193
28193
109904
16648
14255
12326
100526483
102633151
74011
12455
218975
59092
101095
381236
231713
544696
242425
242939
17261
12914
67772
66890
105675
74053
270058
215194
433944
230809
228543
668158
224143
102634284
71989
18755
14886
22687
116873
116871
73067
22439
22793
78177
68523
22756
56077
108169008
18145
217666
217124
22746
217410
26941
71567
72047
228876
170755
68283
101214
69605
104776
68031
11784
22404
100526463
14227
331537
19173
106672
108067
72043
18777
100503468
14357
101100
103220
77035
110279
71844
21388
56009
59026
11964
192678
214580
100504637
68915
239364
60595
69528
74464
330938
15898
14733
212168
13717
100494
67151
232910
241296
14977
14042
72693
108797
15398
19358
14547
68183
210094
26940
93759
20496
11793
12289
67549
78933
16007
236930
106877
66965
11538
13559
67223
69752
382793
27643
67978
75769
69804
18032
235567
71732
103733
71667
56808
268420
52874
14793
170460
115489522
320165
52679
239857
101700
217057
208158
23918
101985
80911
279499
69815
20641
234779
60409
207615
16476
71900
73469
14200
68386
94220
52588
50493
66241
53420
22044
433771
83398
217026
77252
105245272
243272
353310
101148
100040608
107971
74108
574519
16008
110842
620016
15499
66293
227522
56690
53328
50776
12580
20620
100526556
66119
102465542
276919
54151
69358
235040
68332
65079
99586
215728
100198
229905
76497
69718
68028
50527
14405
234988
71274
20340
22151
546134
18181
58249
26427
21985
19277
192662
432582
18420
106840
16658
245000
269295
320150
26943
11671
27999
102466151
101023
109246
338365
94067
15516
239102
627049
74388
218461
68291
93960
13001
11545
227331
212989
68092
76482
55934
24116
65099
232314
117149
66860
100040294
12035
215280
107221
12827
77583
241308
105732
83703
217201
242377
67255
319758
70970
23827
26441
116733
54122
67938
100534296
239273
216549
66602
64659
78284
68625
65103
319371
57748
724063
12018
269695
67951
76073
110197
11370
227298
433485
227292
330908
240514
260305
78889
320064
93687
12142
69923
22411
71306
27041
17025
239528
74241
67615
52708
16782
14615
78830
244745
269401
102632222
384783
54366
234515
102631730
102466256
67295
70998
319982
270163
110532
235472
243912
80721
217588
17134
74142
68514
73668
53382
229877
28015
99382
219181
67785
67130
329727
12819
26363
17864
26951
56752
22630
102640405
102638735
60596
71340
59047
70178
227638
53412
53614
19058
329003
230597
58235
13797
22629
236285
70551
56291
67216
74120
74775
22782
233107
102466272
223739
228839
230119
66423
381067
21991
170638
76829
24068
18597
56220
79263
13666
227648
226144
58875
654432
382867
320879
52837
242735
19326
238205
50911
102580
100313943
238328
67287
16881
76522
13616
68041
242860
18771
18712
14687
74747
225845
276852
723951
56363
17993
270669
19085
107650
18108
20085
268534
217558
78670
76850
22038
100416360
320152
214137
13640
76499
65107
20813
14792
72925
210297
270091
109778
68918
93679
107435
20848
23983
23806
59052
58202
104718
105148
18799
72102
105014
223601
24110
652925
18164
226089
59027
70466
12556
70925
99650
73086
72792
104831
15273
21667
13497
100124445
329735
623169
15211
68077
56455
54170
228550
215615
83964
66730
233103
67815
269941
19052
59126
242202
105651
11932
67636
100503185
11689
83768
20675
19258
100504291
226646
320394
100041585
76681
227325
243931
105244370
20913
434064
55983
14230
70003
78878
234915
56382
15434
226922
73230
320508
66696
67836
20182
102614
19720
237615
56199
225929
68606
18014
230757
13639
